Capacity,Occupancy,LastUpdated
687,264,2021-10-04 07:59:42
687,302,2021-10-04 08:25:42
687,346,2021-10-04 08:59:42
687,414,2021-10-04 09:32:46
687,485,2021-10-04 09:59:48
687,530,2021-10-04 10:26:49
687,573,2021-10-04 10:59:48
687,604,2021-10-04 11:25:47
687,634,2021-10-04 11:59:44
687,648,2021-10-04 12:29:45
687,651,2021-10-04 13:02:48
687,648,2021-10-04 13:29:45
687,637,2021-10-04 14:02:47
687,627,2021-10-04 14:29:49
687,593,2021-10-04 14:57:13
687,572,2021-10-04 15:30:14
687,511,2021-10-04 16:04:12
687,471,2021-10-04 16:31:14
687,282,2021-10-05 07:57:17
687,330,2021-10-05 08:30:15
687,395,2021-10-05 09:04:19
687,464,2021-10-05 09:30:15
687,536,2021-10-05 10:04:15
687,578,2021-10-05 10:30:17
687,619,2021-10-05 11:04:19
687,640,2021-10-05 11:30:18
687,650,2021-10-05 12:04:14
687,661,2021-10-05 12:30:16
687,663,2021-10-05 12:57:15
687,638,2021-10-05 13:30:19
687,635,2021-10-05 13:57:20
687,620,2021-10-05 14:30:17
687,584,2021-10-05 14:57:19
687,555,2021-10-05 15:30:15
687,513,2021-10-05 16:04:18
687,465,2021-10-05 16:30:17
687,356,2021-10-06 07:57:25
687,392,2021-10-06 08:30:20
687,447,2021-10-06 08:57:22
687,505,2021-10-06 09:30:20
687,549,2021-10-06 10:03:20
687,578,2021-10-06 10:30:20
687,591,2021-10-06 10:57:20
687,614,2021-10-06 11:30:22
687,648,2021-10-06 12:04:24
687,659,2021-10-06 12:30:24
687,600,2021-10-06 12:57:21
687,585,2021-10-06 13:30:21
687,582,2021-10-06 13:57:22
687,570,2021-10-06 14:30:23
687,547,2021-10-06 15:04:22
687,519,2021-10-06 15:31:22
687,501,2021-10-06 16:04:23
687,479,2021-10-06 16:30:27
687,423,2021-10-07 08:03:27
687,443,2021-10-07 08:30:27
687,501,2021-10-07 09:04:13
687,531,2021-10-07 09:30:27
687,569,2021-10-07 09:57:27
687,606,2021-10-07 10:30:27
687,622,2021-10-07 10:57:30
687,643,2021-10-07 11:30:28
687,660,2021-10-07 12:03:29
687,665,2021-10-07 12:30:28
687,667,2021-10-07 13:04:28
687,653,2021-10-07 13:30:29
687,636,2021-10-07 14:03:28
687,616,2021-10-07 14:30:32
687,598,2021-10-07 15:04:30
687,582,2021-10-07 15:30:32
687,542,2021-10-07 15:57:31
687,535,2021-10-07 16:30:29
687,392,2021-10-08 07:57:38
687,393,2021-10-08 08:30:37
687,400,2021-10-08 08:57:34
687,421,2021-10-08 09:30:37
687,431,2021-10-08 10:04:34
687,442,2021-10-08 10:30:34
687,446,2021-10-08 10:57:34
687,457,2021-10-08 11:30:38
687,478,2021-10-08 12:04:34
687,497,2021-10-08 12:30:36
687,529,2021-10-08 13:04:39
687,539,2021-10-08 13:30:36
687,572,2021-10-08 14:03:38
687,593,2021-10-08 14:30:35
687,600,2021-10-08 14:57:41
687,614,2021-10-08 15:30:39
687,612,2021-10-08 16:04:39
687,610,2021-10-08 16:30:42
687,288,2021-10-09 08:04:40
687,288,2021-10-09 08:30:45
687,286,2021-10-09 09:04:46
687,292,2021-10-09 09:30:45
687,300,2021-10-09 09:57:41
687,303,2021-10-09 10:30:43
687,300,2021-10-09 11:04:44
687,306,2021-10-09 11:30:41
687,302,2021-10-09 11:57:46
687,302,2021-10-09 12:30:41
687,310,2021-10-09 13:04:43
687,313,2021-10-09 13:30:42
687,348,2021-10-09 14:03:42
687,355,2021-10-09 14:30:42
687,364,2021-10-09 15:04:44
687,366,2021-10-09 15:30:46
687,364,2021-10-09 16:03:43
687,335,2021-10-09 16:30:43
687,249,2021-10-10 08:04:47
687,285,2021-10-10 08:30:47
687,354,2021-10-10 09:04:47
687,408,2021-10-10 09:30:49
687,466,2021-10-10 10:03:48
687,500,2021-10-10 10:30:48
687,511,2021-10-10 10:57:52
687,526,2021-10-10 11:30:48
687,537,2021-10-10 11:57:49
687,547,2021-10-10 12:30:48
687,554,2021-10-10 13:04:49
687,547,2021-10-10 13:30:49
687,532,2021-10-10 14:03:49
687,524,2021-10-10 14:30:49
687,513,2021-10-10 14:57:54
687,471,2021-10-10 15:30:49
687,453,2021-10-10 15:57:55
687,415,2021-10-10 16:30:49
687,314,2021-10-11 08:04:57
687,341,2021-10-11 08:30:54
687,381,2021-10-11 08:57:56
687,445,2021-10-11 09:30:55
687,501,2021-10-11 09:57:59
687,548,2021-10-11 10:30:54
687,574,2021-10-11 10:57:55
687,602,2021-10-11 11:30:59
687,633,2021-10-11 12:03:55
687,628,2021-10-11 12:30:56
687,642,2021-10-11 13:04:00
687,638,2021-10-11 13:31:01
687,638,2021-10-11 14:04:00
687,611,2021-10-11 14:30:56
687,601,2021-10-11 15:03:58
687,568,2021-10-11 15:33:56
687,532,2021-10-11 16:01:00
687,489,2021-10-11 16:26:56
687,333,2021-10-12 08:04:00
687,355,2021-10-12 08:31:01
687,405,2021-10-12 09:03:59
687,439,2021-10-12 09:26:58
687,498,2021-10-12 10:01:04
687,548,2021-10-12 10:31:04
687,580,2021-10-12 11:04:01
687,600,2021-10-12 11:31:05
687,617,2021-10-12 12:04:04
687,633,2021-10-12 12:31:05
687,642,2021-10-12 13:04:04
687,631,2021-10-12 13:34:03
687,612,2021-10-12 14:03:59
687,600,2021-10-12 14:34:04
687,583,2021-10-12 15:01:03
687,546,2021-10-12 15:30:59
687,527,2021-10-12 15:57:05
687,474,2021-10-12 16:31:05
687,338,2021-10-13 07:57:02
687,369,2021-10-13 08:31:06
687,426,2021-10-13 09:04:02
687,431,2021-10-13 09:31:01
687,474,2021-10-13 09:57:08
687,516,2021-10-13 10:31:03
687,532,2021-10-13 11:04:08
687,549,2021-10-13 11:31:06
687,568,2021-10-13 11:57:06
687,578,2021-10-13 12:31:08
687,601,2021-10-13 13:04:04
687,589,2021-10-13 13:31:08
687,583,2021-10-13 13:57:07
687,577,2021-10-13 14:31:06
687,548,2021-10-13 15:04:08
687,523,2021-10-13 15:31:08
687,499,2021-10-13 16:04:08
687,468,2021-10-13 16:31:08
687,321,2021-10-14 08:01:05
687,345,2021-10-14 08:27:10
687,394,2021-10-14 09:01:08
687,439,2021-10-14 09:27:10
687,470,2021-10-14 10:01:11
687,489,2021-10-14 10:27:09
687,504,2021-10-14 11:01:07
687,531,2021-10-14 11:27:06
687,535,2021-10-14 12:01:11
687,530,2021-10-14 12:27:06
687,531,2021-10-14 13:01:11
687,544,2021-10-14 13:27:07
687,546,2021-10-14 14:01:11
687,522,2021-10-14 14:34:08
687,514,2021-10-14 15:01:12
687,503,2021-10-14 15:27:08
687,464,2021-10-14 16:01:11
687,422,2021-10-14 16:34:08
687,255,2021-10-15 08:01:11
687,262,2021-10-15 08:34:10
687,277,2021-10-15 09:01:09
687,290,2021-10-15 09:27:11
687,321,2021-10-15 10:01:12
687,325,2021-10-15 10:27:15
687,323,2021-10-15 11:01:14
687,327,2021-10-15 11:27:14
687,333,2021-10-15 12:01:12
687,335,2021-10-15 12:27:10
687,361,2021-10-15 13:01:14
687,416,2021-10-15 13:34:13
687,457,2021-10-15 14:01:13
687,480,2021-10-15 14:27:12
687,486,2021-10-15 15:01:13
687,498,2021-10-15 15:27:12
687,497,2021-10-15 16:01:15
687,479,2021-10-15 16:27:16
687,244,2021-10-16 08:04:13
687,265,2021-10-16 08:27:13
687,342,2021-10-16 09:01:15
687,400,2021-10-16 09:27:13
687,450,2021-10-16 10:04:13
687,471,2021-10-16 10:34:13
687,494,2021-10-16 11:01:13
687,548,2021-10-16 11:27:17
687,598,2021-10-16 12:01:16
687,624,2021-10-16 12:27:14
687,640,2021-10-16 13:01:16
687,613,2021-10-16 13:27:17
687,583,2021-10-16 14:01:18
687,540,2021-10-16 14:34:14
687,520,2021-10-16 15:01:18
687,473,2021-10-16 15:31:18
687,441,2021-10-16 15:57:16
687,381,2021-10-16 16:31:17
687,267,2021-10-17 08:01:16
687,294,2021-10-17 08:27:16
687,346,2021-10-17 09:01:17
687,386,2021-10-17 09:27:20
687,445,2021-10-17 10:04:20
687,485,2021-10-17 10:31:16
687,513,2021-10-17 11:04:20
687,529,2021-10-17 11:31:18
687,540,2021-10-17 12:04:19
687,535,2021-10-17 12:31:21
687,539,2021-10-17 12:57:17
687,547,2021-10-17 13:31:21
687,557,2021-10-17 14:04:21
687,549,2021-10-17 14:31:21
687,531,2021-10-17 14:57:18
687,520,2021-10-17 15:31:21
687,485,2021-10-17 15:57:17
687,455,2021-10-17 16:28:21
687,297,2021-10-18 08:01:23
687,328,2021-10-18 08:28:25
687,374,2021-10-18 09:01:23
687,429,2021-10-18 09:28:22
687,494,2021-10-18 10:01:25
687,535,2021-10-18 10:28:58
687,570,2021-10-18 11:01:57
687,578,2021-10-18 11:27:56
687,596,2021-10-18 12:01:59
687,592,2021-10-18 12:27:57
687,608,2021-10-18 13:01:56
687,616,2021-10-18 13:28:57
687,604,2021-10-18 13:54:59
687,585,2021-10-18 14:27:56
687,554,2021-10-18 15:01:58
687,529,2021-10-18 15:27:59
687,519,2021-10-18 15:55:00
687,468,2021-10-18 16:27:54
687,318,2021-10-19 08:05:03
687,341,2021-10-19 08:25:01
687,390,2021-10-19 08:58:05
687,458,2021-10-19 09:32:04
687,508,2021-10-19 09:58:04
687,553,2021-10-19 10:25:04
687,591,2021-10-19 10:59:00
687,592,2021-10-19 11:25:04
687,611,2021-10-19 11:59:05
687,624,2021-10-19 12:25:00
687,641,2021-10-19 12:58:01
687,639,2021-10-19 13:25:03
687,647,2021-10-19 13:58:02
687,617,2021-10-19 14:32:03
687,589,2021-10-19 14:58:03
687,532,2021-10-19 15:32:05
687,499,2021-10-19 15:59:01
687,477,2021-10-19 16:25:03
687,251,2021-10-22 07:59:45
687,255,2021-10-22 08:26:46
687,277,2021-10-22 08:59:44
687,301,2021-10-22 09:26:47
687,317,2021-10-22 09:59:44
687,335,2021-10-22 10:26:47
687,350,2021-10-22 10:59:47
687,359,2021-10-22 11:32:43
687,384,2021-10-22 11:59:46
687,416,2021-10-22 12:32:47
687,439,2021-10-22 12:59:47
687,472,2021-10-22 13:32:43
687,489,2021-10-22 13:59:48
687,503,2021-10-22 14:39:47
687,510,2021-10-22 14:59:48
687,516,2021-10-22 15:26:49
687,511,2021-10-22 15:59:47
687,491,2021-10-22 16:26:47
687,288,2021-10-23 07:59:48
687,287,2021-10-23 08:26:51
687,297,2021-10-23 08:59:50
687,293,2021-10-23 09:26:51
687,300,2021-10-23 09:59:52
687,307,2021-10-23 10:26:53
687,306,2021-10-23 10:59:53
687,299,2021-10-23 11:26:49
687,302,2021-10-23 11:59:50
687,304,2021-10-23 12:26:51
687,366,2021-10-23 13:06:52
687,401,2021-10-23 13:26:55
687,454,2021-10-23 13:59:53
687,476,2021-10-23 14:26:51
687,503,2021-10-23 14:59:53
687,480,2021-10-23 15:26:56
687,462,2021-10-23 15:59:54
687,423,2021-10-23 16:26:57
687,271,2021-10-24 07:56:56
687,312,2021-10-24 08:29:56
687,363,2021-10-24 09:03:01
687,381,2021-10-24 09:30:01
687,413,2021-10-24 09:55:57
687,441,2021-10-24 10:30:02
687,458,2021-10-24 11:03:03
687,465,2021-10-24 11:29:57
687,501,2021-10-24 12:02:57
687,490,2021-10-24 12:30:03
687,510,2021-10-24 12:56:58
687,512,2021-10-24 13:30:03
687,505,2021-10-24 13:56:01
687,491,2021-10-24 14:30:02
687,483,2021-10-24 14:56:02
687,470,2021-10-24 15:32:59
687,450,2021-10-24 16:00:04
687,407,2021-10-24 16:33:03
687,277,2021-10-25 08:00:03
687,305,2021-10-25 08:26:08
687,351,2021-10-25 09:00:03
687,391,2021-10-25 09:19:19
687,444,2021-10-25 09:56:19
687,471,2021-10-25 10:29:19
687,487,2021-10-25 10:56:23
687,516,2021-10-25 11:29:22
687,531,2021-10-25 12:02:23
687,541,2021-10-25 12:29:21
687,565,2021-10-25 13:03:20
687,574,2021-10-25 13:29:24
687,577,2021-10-25 13:56:21
687,583,2021-10-25 14:29:23
687,577,2021-10-25 15:02:24
687,550,2021-10-25 15:29:22
687,522,2021-10-25 15:56:25
687,476,2021-10-25 16:29:22
687,305,2021-10-26 07:59:26
687,349,2021-10-26 08:32:27
687,390,2021-10-26 08:59:29
687,432,2021-10-26 09:26:27
687,488,2021-10-26 09:59:25
687,512,2021-10-26 10:26:30
687,540,2021-10-26 10:59:30
687,538,2021-10-26 11:26:28
687,543,2021-10-26 11:59:29
687,557,2021-10-26 12:26:27
687,584,2021-10-26 12:59:31
687,614,2021-10-26 13:26:32
687,608,2021-10-26 13:59:26
687,601,2021-10-26 14:26:26
687,597,2021-10-26 14:59:30
687,584,2021-10-26 15:26:30
687,549,2021-10-26 15:59:32
687,497,2021-10-26 16:32:30
687,368,2021-10-27 07:59:33
687,420,2021-10-27 08:32:33
687,452,2021-10-27 08:59:33
687,476,2021-10-27 09:32:35
687,507,2021-10-27 09:59:37
687,527,2021-10-27 10:25:37
687,573,2021-10-27 10:59:38
687,589,2021-10-27 11:32:32
687,617,2021-10-27 11:59:38
687,618,2021-10-27 12:26:35
687,647,2021-10-27 12:59:36
687,657,2021-10-27 13:32:35
687,651,2021-10-27 13:59:37
687,638,2021-10-27 14:26:38
687,625,2021-10-27 14:59:37
687,610,2021-10-27 15:26:33
687,566,2021-10-27 15:59:38
687,529,2021-10-27 16:26:39
687,348,2021-10-28 08:16:41
687,348,2021-10-28 08:16:41
687,397,2021-10-28 08:56:40
687,425,2021-10-28 09:29:43
687,458,2021-10-28 10:02:44
687,491,2021-10-28 10:29:41
687,503,2021-10-28 10:56:43
687,525,2021-10-28 11:29:44
687,537,2021-10-28 12:02:44
687,556,2021-10-28 12:29:45
687,585,2021-10-28 13:02:43
687,600,2021-10-28 13:29:45
687,593,2021-10-28 14:02:39
687,584,2021-10-28 14:29:45
687,583,2021-10-28 15:02:43
687,550,2021-10-28 15:29:41
687,513,2021-10-28 16:02:40
687,481,2021-10-28 16:29:42
687,316,2021-10-29 07:59:48
687,323,2021-10-29 08:26:46
687,334,2021-10-29 08:59:48
687,350,2021-10-29 09:26:50
687,373,2021-10-29 09:59:51
687,395,2021-10-29 10:26:49
687,402,2021-10-29 10:59:46
687,401,2021-10-29 11:25:51
687,429,2021-10-29 12:06:51
687,436,2021-10-29 12:26:46
687,469,2021-10-29 12:59:51
687,502,2021-10-29 13:26:47
687,528,2021-10-29 13:59:51
687,560,2021-10-29 14:26:50
687,593,2021-10-29 14:59:51
687,598,2021-10-29 15:26:52
687,581,2021-10-29 15:59:51
687,582,2021-10-29 16:26:53
687,337,2021-10-30 07:59:55
687,337,2021-10-30 07:59:55
687,337,2021-10-30 07:59:55
687,337,2021-10-30 08:25:53
687,331,2021-10-30 08:59:52
687,336,2021-10-30 09:25:57
687,334,2021-10-30 09:59:52
687,329,2021-10-30 10:25:54
687,320,2021-10-30 10:59:56
687,312,2021-10-30 11:25:55
687,321,2021-10-30 11:59:58
687,324,2021-10-30 12:26:54
687,353,2021-10-30 13:06:59
687,357,2021-10-30 13:25:59
687,385,2021-10-30 13:59:59
687,399,2021-10-30 14:32:54
687,407,2021-10-30 15:00:00
687,399,2021-10-30 15:32:59
687,308,2021-10-31 08:00:03
687,338,2021-10-31 08:26:02
687,400,2021-10-31 09:00:00
687,449,2021-10-31 09:26:03
687,490,2021-10-31 10:00:05
687,518,2021-10-31 10:26:02
687,531,2021-10-31 11:00:02
687,544,2021-10-31 11:26:04
687,564,2021-10-31 12:00:04
687,573,2021-10-31 12:26:06
687,596,2021-10-31 13:00:06
687,607,2021-10-31 13:26:01
687,594,2021-10-31 13:59:47
687,577,2021-10-31 14:26:05
687,562,2021-10-31 15:00:03
687,537,2021-10-31 15:27:04
687,495,2021-10-31 16:00:07
687,466,2021-10-31 16:26:06
687,324,2021-11-01 08:06:07
687,352,2021-11-01 08:26:07
687,404,2021-11-01 09:00:08
687,453,2021-11-01 09:26:12
687,525,2021-11-01 10:00:08
687,567,2021-11-01 10:26:11
687,602,2021-11-01 11:00:09
687,610,2021-11-01 11:26:11
687,636,2021-11-01 12:00:08
687,647,2021-11-01 12:26:12
687,651,2021-11-01 13:00:12
687,645,2021-11-01 13:26:12
687,629,2021-11-01 14:00:09
687,608,2021-11-01 14:26:10
687,592,2021-11-01 15:00:12
687,574,2021-11-01 15:27:09
687,539,2021-11-01 16:00:09
687,493,2021-11-01 16:33:14
687,313,2021-11-02 07:56:18
687,349,2021-11-02 08:30:14
687,375,2021-11-02 08:56:14
687,444,2021-11-02 09:30:15
687,492,2021-11-02 09:56:15
687,539,2021-11-02 10:29:19
687,564,2021-11-02 10:56:16
687,593,2021-11-02 11:30:19
687,591,2021-11-02 11:56:19
687,604,2021-11-02 12:30:20
687,633,2021-11-02 13:03:20
687,639,2021-11-02 13:30:18
687,657,2021-11-02 14:03:20
687,648,2021-11-02 14:30:16
687,626,2021-11-02 14:56:19
687,597,2021-11-02 15:29:19
687,551,2021-11-02 16:03:20
687,516,2021-11-02 16:30:18
687,387,2021-11-03 08:00:22
687,433,2021-11-03 08:26:26
687,486,2021-11-03 09:00:22
687,502,2021-11-03 09:26:22
687,556,2021-11-03 10:00:22
687,580,2021-11-03 10:26:25
687,616,2021-11-03 11:00:24
687,628,2021-11-03 11:26:27
687,647,2021-11-03 12:00:26
687,666,2021-11-03 12:26:27
687,492,2021-11-03 12:59:26
687,508,2021-11-03 13:26:26
687,510,2021-11-03 13:59:26
687,493,2021-11-03 14:26:23
687,471,2021-11-03 15:00:23
687,435,2021-11-03 15:26:24
687,411,2021-11-03 16:03:28
687,405,2021-11-03 16:30:27
687,334,2021-11-04 08:00:29
687,352,2021-11-04 08:26:32
687,393,2021-11-04 08:59:32
687,429,2021-11-04 09:33:32
687,479,2021-11-04 10:00:29
687,499,2021-11-04 10:26:31
687,524,2021-11-04 11:00:33
687,538,2021-11-04 11:33:31
687,540,2021-11-04 12:00:31
687,537,2021-11-04 12:33:34
687,550,2021-11-04 13:00:30
687,554,2021-11-04 13:26:33
687,567,2021-11-04 13:59:31
687,539,2021-11-04 14:26:30
687,521,2021-11-04 15:00:30
687,489,2021-11-04 15:26:30
687,461,2021-11-04 16:00:33
687,436,2021-11-04 16:26:30
687,254,2021-11-05 08:00:35
687,256,2021-11-05 08:26:35
687,259,2021-11-05 08:59:37
687,263,2021-11-05 09:26:38
687,278,2021-11-05 09:59:37
687,290,2021-11-05 10:33:38
687,306,2021-11-05 10:59:39
687,318,2021-11-05 11:26:38
687,360,2021-11-05 12:06:39
687,379,2021-11-05 12:26:41
687,403,2021-11-05 13:00:37
687,467,2021-11-05 13:33:39
687,500,2021-11-05 13:59:41
687,518,2021-11-05 14:26:39
687,530,2021-11-05 15:00:40
687,549,2021-11-05 15:26:40
687,548,2021-11-05 16:00:41
687,525,2021-11-05 16:26:40
687,325,2021-11-06 08:00:42
687,327,2021-11-06 08:26:43
687,331,2021-11-06 09:00:42
687,330,2021-11-06 09:33:44
687,330,2021-11-06 10:00:43
687,324,2021-11-06 10:26:46
687,314,2021-11-06 10:59:45
687,327,2021-11-06 11:26:44
687,336,2021-11-06 11:59:43
687,323,2021-11-06 12:26:47
687,362,2021-11-06 13:06:45
687,364,2021-11-06 13:26:43
687,399,2021-11-06 13:59:46
687,427,2021-11-06 14:33:47
687,438,2021-11-06 15:00:47
687,434,2021-11-06 15:26:45
687,430,2021-11-06 15:59:48
687,402,2021-11-06 16:26:45
687,295,2021-11-07 08:00:52
687,326,2021-11-07 08:26:53
687,393,2021-11-07 08:59:50
687,437,2021-11-07 09:26:49
687,488,2021-11-07 09:59:50
687,538,2021-11-07 10:26:49
687,569,2021-11-07 10:59:51
687,592,2021-11-07 11:26:51
687,604,2021-11-07 11:59:51
687,609,2021-11-07 12:26:50
687,597,2021-11-07 12:59:53
687,611,2021-11-07 13:33:52
687,614,2021-11-07 13:59:54
687,583,2021-11-07 14:33:55
687,564,2021-11-07 15:00:51
687,540,2021-11-07 15:33:53
687,517,2021-11-07 16:00:51
687,479,2021-11-07 16:33:53
687,322,2021-11-08 07:59:58
687,351,2021-11-08 08:26:55
687,391,2021-11-08 08:59:56
687,446,2021-11-08 09:26:56
687,508,2021-11-08 09:59:56
687,570,2021-11-08 10:33:59
687,607,2021-11-08 11:00:00
687,643,2021-11-08 11:33:56
687,656,2021-11-08 11:59:58
687,654,2021-11-08 12:27:01
687,672,2021-11-08 13:00:00
687,672,2021-11-08 13:34:01
687,671,2021-11-08 14:00:59
687,653,2021-11-08 14:26:58
687,636,2021-11-08 15:00:02
687,593,2021-11-08 15:33:57
687,562,2021-11-08 16:01:02
687,494,2021-11-08 16:34:02
687,332,2021-11-09 08:00:02
687,358,2021-11-09 08:27:02
687,397,2021-11-09 09:00:07
687,450,2021-11-09 09:34:05
687,502,2021-11-09 10:00:05
687,549,2021-11-09 10:27:03
687,593,2021-11-09 11:00:04
687,608,2021-11-09 11:27:04
687,622,2021-11-09 12:00:06
687,639,2021-11-09 12:27:05
687,674,2021-11-09 13:00:08
687,678,2021-11-09 13:27:04
687,672,2021-11-09 14:00:04
687,662,2021-11-09 14:27:08
687,636,2021-11-09 15:00:06
687,603,2021-11-09 15:34:05
687,562,2021-11-09 16:00:09
687,517,2021-11-09 16:34:06
687,366,2021-11-10 08:00:12
687,410,2021-11-10 08:34:11
687,443,2021-11-10 09:00:09
687,460,2021-11-10 09:27:11
687,515,2021-11-10 10:00:12
687,543,2021-11-10 10:27:10
687,573,2021-11-10 11:00:12
687,599,2021-11-10 11:27:14
687,619,2021-11-10 12:00:10
687,659,2021-11-10 12:27:14
687,493,2021-11-10 13:00:13
687,504,2021-11-10 13:34:14
687,506,2021-11-10 14:00:15
687,498,2021-11-10 14:27:13
687,465,2021-11-10 15:00:13
687,445,2021-11-10 15:27:15
687,417,2021-11-10 16:00:15
687,395,2021-11-10 16:27:13
687,336,2021-11-11 08:00:17
687,362,2021-11-11 08:27:19
687,401,2021-11-11 09:00:19
687,304,2021-11-11 09:27:16
687,336,2021-11-11 10:00:16
687,360,2021-11-11 10:27:18
687,378,2021-11-11 11:00:18
687,391,2021-11-11 11:27:18
687,415,2021-11-11 12:00:21
687,433,2021-11-11 12:27:21
687,422,2021-11-11 13:00:19
687,423,2021-11-11 13:34:21
687,424,2021-11-11 14:00:21
687,415,2021-11-11 14:27:18
687,379,2021-11-11 15:00:21
687,365,2021-11-11 15:34:20
687,341,2021-11-11 16:00:21
687,331,2021-11-11 16:34:18
687,292,2021-11-12 08:00:26
687,299,2021-11-12 08:27:25
687,309,2021-11-12 09:00:26
687,329,2021-11-12 09:27:26
687,343,2021-11-12 10:00:25
687,341,2021-11-12 10:27:27
687,366,2021-11-12 11:00:27
687,378,2021-11-12 11:34:23
687,387,2021-11-12 12:00:27
687,406,2021-11-12 12:27:23
687,441,2021-11-12 13:00:28
687,473,2021-11-12 13:27:27
687,533,2021-11-12 14:00:26
687,571,2021-11-12 14:27:28
687,587,2021-11-12 15:00:28
687,613,2021-11-12 15:27:27
687,617,2021-11-12 16:00:24
687,581,2021-11-12 16:34:28
687,170,2021-11-13 08:00:29
687,176,2021-11-13 08:27:31
687,183,2021-11-13 09:00:32
687,188,2021-11-13 09:34:15
687,211,2021-11-13 10:00:31
687,221,2021-11-13 10:33:32
687,229,2021-11-13 11:00:32
687,235,2021-11-13 11:27:32
687,229,2021-11-13 12:00:34
687,229,2021-11-13 12:27:31
687,289,2021-11-13 13:07:31
687,318,2021-11-13 13:33:34
687,334,2021-11-13 14:00:35
687,347,2021-11-13 14:27:35
687,351,2021-11-13 15:00:35
687,340,2021-11-13 15:27:35
687,300,2021-11-13 16:00:32
687,270,2021-11-13 16:27:34
687,170,2021-11-14 08:00:37
687,222,2021-11-14 08:33:40
687,266,2021-11-14 09:00:38
687,314,2021-11-14 09:27:40
687,372,2021-11-14 10:00:37
687,408,2021-11-14 10:27:38
687,442,2021-11-14 11:00:39
687,455,2021-11-14 11:27:40
687,466,2021-11-14 12:00:37
687,475,2021-11-14 12:27:39
687,487,2021-11-14 13:00:38
687,487,2021-11-14 13:27:41
687,483,2021-11-14 14:00:38
687,454,2021-11-14 14:33:40
687,435,2021-11-14 15:00:38
687,404,2021-11-14 15:27:42
687,365,2021-11-14 16:00:39
687,321,2021-11-14 16:27:39
687,188,2021-11-15 07:57:43
687,225,2021-11-15 08:30:47
687,268,2021-11-15 08:57:45
687,332,2021-11-15 09:30:46
687,403,2021-11-15 09:57:44
687,456,2021-11-15 10:30:47
687,486,2021-11-15 11:03:48
687,505,2021-11-15 11:30:46
687,525,2021-11-15 11:57:47
687,532,2021-11-15 12:30:45
687,544,2021-11-15 12:57:48
687,550,2021-11-15 13:30:48
687,534,2021-11-15 14:03:46
687,520,2021-11-15 14:30:48
687,485,2021-11-15 15:03:48
687,456,2021-11-15 15:30:49
687,419,2021-11-15 15:57:49
687,371,2021-11-15 16:30:46
687,187,2021-11-16 08:00:51
687,215,2021-11-16 08:27:50
687,279,2021-11-16 09:00:51
687,323,2021-11-16 09:27:53
687,406,2021-11-16 10:00:54
687,457,2021-11-16 10:33:53
687,495,2021-11-16 11:00:51
687,525,2021-11-16 11:27:51
687,548,2021-11-16 12:00:54
687,564,2021-11-16 12:27:54
687,580,2021-11-16 13:00:54
687,591,2021-11-16 13:27:55
687,579,2021-11-16 14:00:55
687,561,2021-11-16 14:27:52
687,523,2021-11-16 15:00:55
687,484,2021-11-16 15:33:56
687,446,2021-11-16 16:00:57
687,390,2021-11-16 16:33:57
687,252,2021-11-17 08:04:02
687,288,2021-11-17 08:31:01
687,342,2021-11-17 09:03:57
687,362,2021-11-17 09:31:01
687,416,2021-11-17 09:57:02
687,477,2021-11-17 10:31:02
687,509,2021-11-17 11:04:02
687,527,2021-11-17 11:31:02
687,539,2021-11-17 12:04:02
687,548,2021-11-17 12:31:03
687,596,2021-11-17 13:04:03
687,605,2021-11-17 13:31:03
687,595,2021-11-17 14:04:03
687,587,2021-11-17 14:30:59
687,555,2021-11-17 14:58:03
687,526,2021-11-17 15:30:59
687,504,2021-11-17 15:58:03
687,456,2021-11-17 16:31:04
687,209,2021-11-18 08:01:05
687,209,2021-11-18 08:01:05
687,246,2021-11-18 08:27:05
687,317,2021-11-18 09:27:07
687,352,2021-11-18 10:01:06
687,387,2021-11-18 10:27:05
687,429,2021-11-18 11:01:06
687,441,2021-11-18 11:34:08
687,461,2021-11-18 12:01:06
687,466,2021-11-18 12:27:09
687,463,2021-11-18 13:01:10
687,468,2021-11-18 13:34:10
687,475,2021-11-18 14:01:10
687,464,2021-11-18 14:28:08
687,456,2021-11-18 15:01:07
687,442,2021-11-18 15:28:08
687,429,2021-11-18 16:01:10
687,408,2021-11-18 16:28:10
687,225,2021-11-19 07:57:12
687,233,2021-11-19 08:31:12
687,250,2021-11-19 08:57:12
687,263,2021-11-19 09:31:13
687,292,2021-11-19 10:04:14
687,309,2021-11-19 10:31:15
687,316,2021-11-19 10:58:15
687,348,2021-11-19 11:31:15
687,384,2021-11-19 12:04:16
687,411,2021-11-19 12:31:16
687,444,2021-11-19 13:04:16
687,477,2021-11-19 13:31:17
687,520,2021-11-19 14:04:17
687,558,2021-11-19 14:31:17
687,563,2021-11-19 15:04:16
687,555,2021-11-19 15:31:17
687,560,2021-11-19 16:04:17
687,531,2021-11-19 16:31:15
687,232,2021-11-20 08:01:19
687,231,2021-11-20 08:27:22
687,236,2021-11-20 09:01:19
687,245,2021-11-20 09:27:19
687,250,2021-11-20 10:01:20
687,248,2021-11-20 10:27:22
687,255,2021-11-20 11:01:22
687,283,2021-11-20 11:27:22
687,305,2021-11-20 12:01:20
687,351,2021-11-20 12:34:23
687,403,2021-11-20 13:07:23
687,416,2021-11-20 13:27:23
687,450,2021-11-20 14:01:22
687,468,2021-11-20 14:27:22
687,494,2021-11-20 15:01:23
687,484,2021-11-20 15:27:24
687,485,2021-11-20 16:01:22
687,434,2021-11-20 16:31:21
687,216,2021-11-21 08:04:26
687,257,2021-11-21 08:31:30
687,320,2021-11-21 09:04:26
687,356,2021-11-21 09:31:26
687,427,2021-11-21 10:04:29
687,474,2021-11-21 10:31:26
687,515,2021-11-21 11:04:29
687,530,2021-11-21 11:30:28
687,540,2021-11-21 11:57:30
687,549,2021-11-21 12:31:29
687,558,2021-11-21 12:57:27
687,576,2021-11-21 13:31:30
687,567,2021-11-21 14:04:30
687,545,2021-11-21 14:31:30
687,529,2021-11-21 14:57:31
687,498,2021-11-21 15:31:28
687,465,2021-11-21 15:57:30
687,392,2021-11-21 16:31:30
687,212,2021-11-22 07:57:33
687,266,2021-11-22 08:31:33
687,330,2021-11-22 09:04:34
687,374,2021-11-22 09:31:35
687,429,2021-11-22 10:04:34
687,476,2021-11-22 10:31:37
687,515,2021-11-22 11:04:34
687,540,2021-11-22 11:31:35
687,562,2021-11-22 12:04:36
687,571,2021-11-22 12:31:37
687,589,2021-11-22 12:57:35
687,591,2021-11-22 13:31:38
687,596,2021-11-22 13:57:38
687,588,2021-11-22 14:31:37
687,564,2021-11-22 14:57:38
687,521,2021-11-22 15:31:37
687,486,2021-11-22 15:57:37
687,435,2021-11-22 16:30:38
687,232,2021-11-23 08:04:40
687,271,2021-11-23 08:30:41
687,305,2021-11-23 08:57:42
687,376,2021-11-23 09:31:23
687,467,2021-11-23 10:04:40
687,515,2021-11-23 10:31:36
687,549,2021-11-23 11:04:42
687,579,2021-11-23 11:31:44
687,587,2021-11-23 11:57:41
687,614,2021-11-23 12:31:44
687,639,2021-11-23 13:04:45
687,647,2021-11-23 13:31:41
687,641,2021-11-23 13:57:41
687,594,2021-11-23 14:30:43
687,550,2021-11-23 15:04:43
687,511,2021-11-23 15:31:42
687,458,2021-11-23 16:04:46
687,404,2021-11-23 16:30:42
687,264,2021-11-24 08:00:47
687,293,2021-11-24 08:27:47
687,333,2021-11-24 09:00:48
687,372,2021-11-24 09:34:49
687,418,2021-11-24 10:01:47
687,468,2021-11-24 10:27:47
687,502,2021-11-24 11:00:49
687,521,2021-11-24 11:27:51
687,538,2021-11-24 12:00:50
687,562,2021-11-24 12:30:48
687,602,2021-11-24 13:04:50
687,622,2021-11-24 13:30:51
687,620,2021-11-24 13:57:51
687,603,2021-11-24 14:30:52
687,585,2021-11-24 14:57:51
687,544,2021-11-24 15:31:49
687,499,2021-11-24 15:57:49
687,440,2021-11-24 16:31:53
687,250,2021-11-25 08:00:57
687,250,2021-11-25 08:00:57
687,333,2021-11-25 09:00:56
687,368,2021-11-25 09:27:55
687,408,2021-11-25 10:00:56
687,442,2021-11-25 10:27:56
687,476,2021-11-25 11:00:55
687,507,2021-11-25 11:27:55
687,532,2021-11-25 12:00:56
687,563,2021-11-25 12:34:55
687,564,2021-11-25 13:00:58
687,564,2021-11-25 13:27:56
687,558,2021-11-25 14:00:58
687,540,2021-11-25 14:34:59
687,521,2021-11-25 15:00:56
687,494,2021-11-25 15:27:59
687,461,2021-11-25 16:00:59
687,411,2021-11-25 16:27:58
687,246,2021-11-26 08:01:01
687,255,2021-11-26 08:28:01
687,267,2021-11-26 09:01:01
687,302,2021-11-26 09:35:02
687,339,2021-11-26 10:01:04
687,377,2021-11-26 10:35:03
687,395,2021-11-26 11:01:03
687,411,2021-11-26 11:28:02
687,448,2021-11-26 12:01:04
687,492,2021-11-26 12:28:02
687,542,2021-11-26 13:01:03
687,581,2021-11-26 13:28:04
687,658,2021-11-26 14:01:02
687,687,2021-11-26 14:41:04
687,681,2021-11-26 15:01:02
687,679,2021-11-26 15:28:04
687,660,2021-11-26 16:01:04
687,611,2021-11-26 16:28:05
687,263,2021-11-27 08:02:24
687,264,2021-11-27 08:32:19
687,263,2021-11-27 09:02:19
687,266,2021-11-27 09:32:21
687,263,2021-11-27 10:01:19
687,270,2021-11-27 10:32:24
687,278,2021-11-27 11:01:24
687,290,2021-11-27 11:31:20
687,328,2021-11-27 12:01:25
687,375,2021-11-27 12:32:25
687,465,2021-11-27 13:08:25
687,499,2021-11-27 13:32:24
687,544,2021-11-27 14:02:23
687,577,2021-11-27 14:31:20
687,586,2021-11-27 15:01:22
687,572,2021-11-27 15:32:23
687,537,2021-11-27 16:01:23
687,495,2021-11-27 16:32:24
687,217,2021-11-28 08:01:27
687,257,2021-11-28 08:32:24
687,307,2021-11-28 09:02:28
687,343,2021-11-28 09:28:24
687,390,2021-11-28 10:01:29
687,444,2021-11-28 10:32:29
687,479,2021-11-28 11:01:30
687,518,2021-11-28 11:32:28
687,531,2021-11-28 12:01:27
687,533,2021-11-28 12:28:29
687,367,2021-11-28 13:02:26
687,378,2021-11-28 13:31:29
687,366,2021-11-28 14:02:29
687,356,2021-11-28 14:32:29
687,344,2021-11-28 15:02:29
687,307,2021-11-28 15:41:28
687,284,2021-11-28 16:02:30
687,270,2021-11-28 16:28:27
687,249,2021-11-29 07:55:29
687,279,2021-11-29 08:28:33
687,339,2021-11-29 09:02:35
687,378,2021-11-29 09:28:32
687,445,2021-11-29 10:01:30
687,488,2021-11-29 10:28:34
687,535,2021-11-29 11:01:36
687,571,2021-11-29 11:28:34
687,598,2021-11-29 11:55:30
687,605,2021-11-29 12:28:36
687,636,2021-11-29 13:02:35
687,625,2021-11-29 13:28:30
687,625,2021-11-29 14:01:32
687,615,2021-11-29 14:28:36
687,605,2021-11-29 14:55:34
687,562,2021-11-29 15:28:35
687,518,2021-11-29 16:02:35
687,470,2021-11-29 16:28:34
687,255,2021-11-30 08:02:35
687,278,2021-11-30 08:28:35
687,341,2021-11-30 09:01:35
687,379,2021-11-30 09:28:40
687,434,2021-11-30 10:01:40
687,472,2021-11-30 10:28:38
687,525,2021-11-30 10:55:36
687,553,2021-11-30 11:28:40
687,572,2021-11-30 12:01:36
687,573,2021-11-30 12:28:37
687,592,2021-11-30 13:01:39
687,608,2021-11-30 13:28:41
687,626,2021-11-30 14:01:36
687,629,2021-11-30 14:28:40
687,582,2021-11-30 15:01:39
687,553,2021-11-30 15:28:40
687,498,2021-11-30 16:01:39
687,461,2021-11-30 16:28:40
687,422,2021-12-01 08:05:40
687,446,2021-12-01 08:25:46
687,512,2021-12-01 08:58:41
687,545,2021-12-01 09:25:44
687,588,2021-12-01 09:58:41
687,647,2021-12-01 10:25:43
687,545,2021-12-01 10:58:45
687,571,2021-12-01 11:32:41
687,593,2021-12-01 11:58:45
687,633,2021-12-01 12:25:45
687,651,2021-12-01 12:58:47
687,665,2021-12-01 13:25:45
687,681,2021-12-01 13:58:48
687,659,2021-12-01 14:25:46
687,628,2021-12-01 14:58:46
687,604,2021-12-01 15:25:42
687,589,2021-12-01 15:58:47
687,561,2021-12-01 16:25:44
687,446,2021-12-02 07:55:49
687,499,2021-12-02 08:28:48
687,532,2021-12-02 09:01:49
687,561,2021-12-02 09:28:50
687,603,2021-12-02 10:02:52
687,653,2021-12-02 10:28:53
687,687,2021-12-02 11:01:53
687,630,2021-12-02 11:28:49
687,654,2021-12-02 12:01:51
687,664,2021-12-02 12:28:52
687,674,2021-12-02 12:58:51
687,685,2021-12-02 13:25:52
687,652,2021-12-02 13:58:53
687,644,2021-12-02 14:25:50
687,626,2021-12-02 14:58:50
687,584,2021-12-02 15:31:52
687,560,2021-12-02 15:58:52
687,544,2021-12-02 16:32:54
687,277,2021-12-05 08:02:03
687,318,2021-12-05 08:29:08
687,360,2021-12-05 09:02:08
687,396,2021-12-05 09:29:08
687,454,2021-12-05 10:03:04
687,474,2021-12-05 10:29:08
687,515,2021-12-05 11:02:06
687,541,2021-12-05 11:29:09
687,558,2021-12-05 11:56:10
687,575,2021-12-05 12:29:10
687,593,2021-12-05 13:02:08
687,598,2021-12-05 13:29:09
687,570,2021-12-05 14:02:11
687,555,2021-12-05 14:29:08
687,533,2021-12-05 15:02:10
687,501,2021-12-05 15:29:11
687,465,2021-12-05 16:02:11
687,423,2021-12-05 16:29:05
687,262,2021-12-06 07:56:10
687,302,2021-12-06 08:29:11
687,339,2021-12-06 08:56:10
687,380,2021-12-06 09:29:14
687,454,2021-12-06 10:02:12
687,493,2021-12-06 10:29:11
687,538,2021-12-06 11:02:16
687,554,2021-12-06 11:29:14
687,578,2021-12-06 11:56:16
687,592,2021-12-06 12:29:11
687,620,2021-12-06 12:56:16
687,646,2021-12-06 13:29:16
687,641,2021-12-06 14:02:16
687,608,2021-12-06 14:29:14
687,590,2021-12-06 15:02:17
687,551,2021-12-06 15:29:17
687,538,2021-12-06 16:02:16
687,488,2021-12-06 16:29:16
687,262,2021-12-07 07:59:16
687,293,2021-12-07 08:26:20
687,324,2021-12-07 08:55:20
687,368,2021-12-07 09:26:22
687,441,2021-12-07 09:59:20
687,488,2021-12-07 10:26:21
687,535,2021-12-07 10:59:20
687,564,2021-12-07 11:25:22
687,600,2021-12-07 11:59:20
687,622,2021-12-07 12:26:21
687,645,2021-12-07 12:59:22
687,649,2021-12-07 13:26:23
687,646,2021-12-07 13:59:22
687,629,2021-12-07 14:26:23
687,604,2021-12-07 14:59:22
687,568,2021-12-07 15:32:22
687,512,2021-12-07 15:59:23
687,467,2021-12-07 16:32:23
687,336,2021-12-08 07:59:25
687,358,2021-12-08 08:26:27
687,410,2021-12-08 08:59:24
687,432,2021-12-08 09:26:27
687,479,2021-12-08 09:59:28
687,528,2021-12-08 10:32:22
687,586,2021-12-08 10:59:25
687,627,2021-12-08 11:32:28
687,670,2021-12-08 11:59:28
687,647,2021-12-08 12:25:24
687,686,2021-12-08 12:59:24
687,684,2021-12-08 13:25:28
687,681,2021-12-08 13:59:28
687,675,2021-12-08 14:26:29
687,644,2021-12-08 14:59:29
687,641,2021-12-08 15:26:23
687,623,2021-12-08 15:59:27
687,591,2021-12-08 16:32:27
687,384,2021-12-09 08:02:30
687,413,2021-12-09 08:29:28
687,450,2021-12-09 08:55:33
687,496,2021-12-09 09:29:31
687,517,2021-12-09 09:55:30
687,556,2021-12-09 10:29:29
687,581,2021-12-09 10:56:33
687,606,2021-12-09 11:29:33
687,633,2021-12-09 11:56:32
687,687,2021-12-09 12:29:31
687,633,2021-12-09 13:02:32
687,646,2021-12-09 13:29:31
687,622,2021-12-09 14:02:34
687,598,2021-12-09 14:29:33
687,580,2021-12-09 14:56:31
687,565,2021-12-09 15:29:34
687,541,2021-12-09 16:02:32
687,513,2021-12-09 16:29:30
687,332,2021-12-10 07:59:34
687,342,2021-12-10 08:29:33
687,354,2021-12-10 09:02:35
687,369,2021-12-10 09:29:38
687,386,2021-12-10 09:55:38
687,398,2021-12-10 10:29:38
687,420,2021-12-10 11:02:39
687,440,2021-12-10 11:29:39
687,467,2021-12-10 12:02:38
687,484,2021-12-10 12:29:40
687,518,2021-12-10 12:55:40
687,549,2021-12-10 13:29:39
687,583,2021-12-10 13:56:35
687,557,2021-12-10 14:25:37
687,585,2021-12-10 15:02:39
687,617,2021-12-10 15:25:39
687,626,2021-12-10 15:59:39
687,607,2021-12-10 16:25:40
687,362,2021-12-11 08:02:39
687,360,2021-12-11 08:25:43
687,358,2021-12-11 08:59:45
687,358,2021-12-11 09:26:44
687,358,2021-12-11 09:59:44
687,353,2021-12-11 10:25:42
687,380,2021-12-11 10:59:45
687,409,2021-12-11 11:26:10
687,430,2021-12-11 11:59:45
687,467,2021-12-11 12:32:41
687,487,2021-12-11 13:05:46
687,519,2021-12-11 13:26:45
687,546,2021-12-11 13:59:44
687,572,2021-12-11 14:32:44
687,592,2021-12-11 14:59:43
687,598,2021-12-11 15:25:45
687,555,2021-12-11 15:59:46
687,512,2021-12-11 16:25:46
687,270,2021-12-12 08:02:45
687,315,2021-12-12 08:29:50
687,363,2021-12-12 09:02:45
687,409,2021-12-12 09:29:48
687,466,2021-12-12 10:02:49
687,498,2021-12-12 10:29:50
687,519,2021-12-12 11:02:50
687,554,2021-12-12 11:29:51
687,584,2021-12-12 11:55:49
687,621,2021-12-12 12:29:50
687,631,2021-12-12 12:56:46
687,630,2021-12-12 13:29:50
687,615,2021-12-12 14:02:50
687,593,2021-12-12 14:29:49
687,558,2021-12-12 14:55:51
687,525,2021-12-12 15:29:47
687,516,2021-12-12 15:56:51
687,481,2021-12-12 16:29:51
687,436,2021-12-13 08:02:51
687,472,2021-12-13 08:29:53
687,526,2021-12-13 09:02:55
687,564,2021-12-13 09:29:54
687,605,2021-12-13 09:55:56
687,489,2021-12-13 10:29:54
687,528,2021-12-13 11:02:54
687,554,2021-12-13 11:29:55
687,591,2021-12-13 12:02:55
687,611,2021-12-13 12:29:55
687,638,2021-12-13 13:02:55
687,660,2021-12-13 13:55:56
687,607,2021-12-13 14:29:57
687,587,2021-12-13 14:56:52
687,565,2021-12-13 15:28:52
687,505,2021-12-13 16:02:56
687,466,2021-12-13 16:29:56
687,287,2021-12-14 08:03:01
687,337,2021-12-14 08:43:00
687,371,2021-12-14 09:03:01
687,411,2021-12-14 09:29:57
687,479,2021-12-14 10:02:59
687,526,2021-12-14 10:30:01
687,587,2021-12-14 11:30:01
687,598,2021-12-14 12:02:58
687,636,2021-12-14 12:30:00
687,665,2021-12-14 13:03:02
687,681,2021-12-14 13:29:57
687,685,2021-12-14 14:03:00
687,678,2021-12-14 14:30:01
687,652,2021-12-14 14:56:03
687,630,2021-12-14 15:30:00
687,612,2021-12-14 15:56:02
687,579,2021-12-14 16:30:00
687,333,2021-12-15 07:57:02
687,371,2021-12-15 08:30:06
687,406,2021-12-15 09:03:06
687,438,2021-12-15 09:30:04
687,468,2021-12-15 09:57:02
687,520,2021-12-15 10:30:07
687,546,2021-12-15 11:03:05
687,552,2021-12-15 11:26:03
687,585,2021-12-15 12:00:02
687,609,2021-12-15 12:26:03
687,661,2021-12-15 13:00:07
687,686,2021-12-15 13:26:08
687,686,2021-12-15 14:00:06
687,678,2021-12-15 14:26:06
687,674,2021-12-15 15:00:07
687,660,2021-12-15 15:26:03
687,645,2021-12-15 16:03:03
687,608,2021-12-15 16:30:07
687,322,2021-12-16 07:59:09
687,350,2021-12-16 08:30:12
687,387,2021-12-16 09:03:07
687,422,2021-12-16 09:30:12
687,459,2021-12-16 10:03:09
687,475,2021-12-16 10:29:08
687,502,2021-12-16 11:03:08
687,500,2021-12-16 11:30:10
687,514,2021-12-16 11:56:10
687,514,2021-12-16 12:30:11
687,521,2021-12-16 12:56:12
687,537,2021-12-16 13:30:12
687,552,2021-12-16 13:56:11
687,571,2021-12-16 14:30:10
687,551,2021-12-16 14:56:11
687,534,2021-12-16 15:30:10
687,497,2021-12-16 16:03:11
687,453,2021-12-16 16:30:12
687,264,2021-12-17 07:59:15
687,266,2021-12-17 08:26:15
687,286,2021-12-17 09:00:13
687,305,2021-12-17 09:26:17
687,320,2021-12-17 09:59:17
687,335,2021-12-17 10:33:17
687,334,2021-12-17 11:00:17
687,353,2021-12-17 11:33:16
687,370,2021-12-17 12:00:17
687,390,2021-12-17 12:26:17
687,412,2021-12-17 13:00:18
687,433,2021-12-17 13:27:17
687,470,2021-12-17 14:00:17
687,498,2021-12-17 14:30:19
687,519,2021-12-17 15:03:18
687,544,2021-12-17 15:30:19
687,565,2021-12-17 15:57:15
687,573,2021-12-17 16:30:16
687,264,2021-12-18 08:03:24
687,261,2021-12-18 08:30:20
687,260,2021-12-18 08:56:20
687,259,2021-12-18 09:30:21
687,267,2021-12-18 09:56:24
687,288,2021-12-18 10:30:23
687,313,2021-12-18 11:03:25
687,329,2021-12-18 11:30:22
687,345,2021-12-18 12:03:23
687,380,2021-12-18 12:30:25
687,431,2021-12-18 12:56:26
687,476,2021-12-18 13:30:26
687,520,2021-12-18 14:03:26
687,558,2021-12-18 14:30:27
687,567,2021-12-18 14:56:25
687,548,2021-12-18 15:30:24
687,528,2021-12-18 16:03:27
687,509,2021-12-18 16:30:25
687,293,2021-12-19 08:03:29
687,344,2021-12-19 08:30:28
687,402,2021-12-19 09:03:33
687,437,2021-12-19 09:30:30
687,471,2021-12-19 09:56:32
687,517,2021-12-19 10:30:33
687,547,2021-12-19 11:03:31
687,563,2021-12-19 11:30:30
687,621,2021-12-19 12:03:32
687,654,2021-12-19 12:30:32
687,688,2021-12-19 13:03:30
687,686,2021-12-19 13:30:35
687,678,2021-12-19 14:03:31
687,668,2021-12-19 14:30:33
687,642,2021-12-19 15:03:34
687,608,2021-12-19 15:29:33
687,571,2021-12-19 16:03:35
687,539,2021-12-19 16:30:35
